Example file model of river with bridge
#REVISION#1
        40     0.750     0.900     0.100     0.001        12DEFAULT
    10.000     0.010     0.010     0.700     0.100     0.700     0.000
RAD FILE

END GENERAL
QTBDY 
m60
        25     0.000     0.000     hours    EXTEND    LINEAR     1.000     0.000  OVERRIDE
     3.674     0.000
     4.141     1.000
     5.313     2.000
     7.370     3.000
    10.745     4.000
    16.419     5.000
    25.631     6.000
    39.081     7.000
    55.417     8.000
    72.858     9.000
    90.292    10.000
   106.571    11.000
   120.007    12.000
   128.392    13.000
   129.960    14.000
   125.486    15.000
   116.858    16.000
   105.801    17.000
    93.165    18.000
    79.586    19.000
    65.608    20.000
    52.070    21.000
    39.352    22.000
    28.073    23.000
    19.019    24.000
RIVER 
SECTION
m60                                                                                 
    20.000            0.000100  1000.000
        14
   -32.961    10.482     0.040     1.000               0.000     0.000                   0
   -28.263    11.232     0.040     1.000               0.000     0.000                   0
   -24.759    12.517     0.040     1.000               0.000     0.000                   0
   -23.129    11.464     0.040     1.000               0.000     0.000                   0
   -19.738    11.577     0.040     1.000               0.000     0.000                   0
   -17.364    12.529     0.040     1.000               0.000     0.000                   0
   -16.228    12.514     0.040     1.000               0.000     0.000                   0
   -12.601     9.474     0.040     1.000               0.000     0.000                   0
     3.172     9.474     0.040     1.000               0.000     0.000                   0
    11.956    10.051     0.040     1.000               0.000     0.000                   0
    17.900    10.138     0.040     1.000               0.000     0.000                   0
    23.030    11.561     0.040     1.000               0.000     0.000                   0
    28.244    12.126     0.040     1.000               0.000     0.000                   0
    31.069    12.131     0.040     1.000               0.000     0.000                   0
RIVER -40.000    0.040
SECTION
m40                                                                                 
    20.000            0.000100  1000.000
        20
   -68.375    11.123     0.040     1.000               0.000     0.000                   0
   -52.518    11.272     0.040     1.000               0.000     0.000                   0
   -50.652    12.148     0.040     1.000               0.000     0.000                   0
   -48.980    11.576     0.040     1.000               0.000     0.000                   0
   -47.537    11.353     0.040     1.000               0.000     0.000                   0
   -45.779    10.307     0.040     1.000               0.000     0.000                   0
   -36.940    10.963     0.040     1.000               0.000     0.000                   0
   -32.634    11.451     0.040     1.000               0.000     0.000                   0
   -28.756    13.117     0.040     1.000               0.000     0.000                   0
   -27.166    12.076     0.040     1.000               0.000     0.000                   0
   -19.609    12.101     0.040     1.000               0.000     0.000                   0
   -18.749    12.399     0.040     1.000               0.000     0.000                   0
   -16.519    12.562     0.040     1.000               0.000     0.000                   0
   -13.335     9.825     0.040     1.000               0.000     0.000                   0
     3.584     9.534     0.040     1.000               0.000     0.000                   0
    12.481    10.080     0.040     1.000               0.000     0.000                   0
    20.606    10.263     0.040     1.000               0.000     0.000                   0
    25.076    11.676     0.040     1.000               0.000     0.000                   0
    27.834    12.043     0.040     1.000               0.000     0.000                   0
    30.766    12.096     0.040     1.000               0.000     0.000                   0
RIVER 
SECTION
m20                                                                                 
    20.000            0.000100  1000.000
        17
  -100.000    10.944     0.040     1.000               0.000     0.000                   0
   -92.166    10.972     0.040     1.000               0.000     0.000                   0
   -87.123    11.026     0.040     1.000               0.000     0.000                   0
   -69.154    11.164     0.040     1.000               0.000     0.000                   0
   -54.510    11.219     0.040     1.000               0.000     0.000                   0
   -52.335    12.301     0.040     1.000               0.000     0.000                   0
   -50.150    11.991     0.040     1.000               0.000     0.000                   0
   -34.510    11.803     0.040     1.000               0.000     0.000                   0
   -21.776    12.062     0.040     1.000               0.000     0.000                   0
   -16.599    12.307     0.040     1.000               0.000     0.000                   0
   -13.283     9.599     0.040     1.000               0.000     0.000                   0
     3.128     9.599     0.040     1.000               0.000     0.000                   0
    11.563    10.077     0.040     1.000               0.000     0.000                   0
    21.210    10.332     0.040     1.000               0.000     0.000                   0
    25.139    11.813     0.040     1.000               0.000     0.000                   0
    28.106    11.978     0.040     1.000               0.000     0.000                   0
    31.441    11.918     0.040     1.000               0.000     0.000                   0
RIVER 
SECTION
0                                                                                   
    20.000            0.000100  1000.000
        12
   -65.248    11.000     0.040     1.000               0.000     0.000                   0
   -59.893    12.000     0.040     1.000               0.000     0.000                   0
   -58.821    12.000     0.040     1.000               0.000     0.000                   0
   -57.749    12.000     0.040     1.000               0.000     0.000                   0
   -57.736    12.002     0.040     1.000               0.000     0.000                   0
   -18.200    12.022     0.040     1.000               0.000     0.000                   0
   -15.278     9.300     0.040     1.000               0.000     0.000                   0
    -9.300     9.300     0.040     1.000               0.000     0.000                   0
    21.798     9.300     0.040     1.000               0.000     0.000                   0
    24.600    11.802     0.040     1.000               0.000     0.000                   0
   112.888    10.992     0.040     1.000               0.000     0.000                   0
   119.887    12.843     0.040     1.000               0.000     0.000                   0
RIVER 
SECTION
20                                                                                  
    20.000            0.000100  1000.000
        12
   -79.522    10.891     0.040     1.000               0.000     0.000                   0
   -71.876    12.000     0.040     1.000               0.000     0.000                   0
   -70.496    12.000     0.040     1.000               0.000     0.000                   0
   -69.115    12.000     0.040     1.000               0.000     0.000                   0
   -63.984    11.200     0.040     1.000               0.000     0.000                   0
   -18.086    11.871     0.040     1.000               0.000     0.000                   0
   -15.486     9.272     0.040     1.000               0.000     0.000                   0
   -13.116     9.000     0.040     1.000               0.000     0.000                   0
    17.338     8.787     0.040     1.000               0.000     0.000                   0
    20.543    11.692     0.040     1.000               0.000     0.000                   0
    90.601    11.052     0.040     1.000               0.000     0.000                   0
    96.950    12.746     0.040     1.000               0.000     0.000                   0
RIVER 
SECTION
40                                                                                  
    20.000            0.000100  1000.000
        14
   -79.661    10.891     0.040     1.000               0.000     0.000                   0
   -73.352    12.000     0.040     1.000               0.000     0.000                   0
   -72.212    12.000     0.040     1.000               0.000     0.000                   0
   -71.071    12.000     0.040     1.000               0.000     0.000                   0
   -65.727    11.055     0.040     1.000               0.000     0.000                   0
   -17.750    11.835     0.040     1.000               0.000     0.000                   0
   -12.842     9.381     0.040     1.000               0.000     0.000                   0
   -12.689     9.000     0.040     1.000               0.000     0.000                   0
    -3.430     8.154     0.040     1.000               0.000     0.000                   0
    13.377     8.154     0.040     1.000               0.000     0.000                   0
    15.703     8.154     0.040     1.000               0.000     0.000                   0
    17.250    11.726     0.040     1.000               0.000     0.000                   0
    57.031    11.170     0.040     1.000               0.000     0.000                   0
    61.202    12.576     0.040     1.000               0.000     0.000                   0
RIVER 
SECTION
60                                                                                  
    20.000            0.000100  1000.000
        13
   -77.472    10.897     0.040     1.000               0.000     0.000                   0
   -71.946    12.000     0.040     1.000               0.000     0.000                   0
   -69.943    12.000     0.040     1.000               0.000     0.000                   0
   -65.517    11.118     0.040     1.000               0.000     0.000                   0
   -16.750    11.870     0.040     1.000               0.000     0.000                   0
   -11.631     9.310     0.040     1.000               0.000     0.000                   0
   -10.005     9.000     0.040     1.000               0.000     0.000                   0
    -2.962     8.000     0.040     1.000               0.000     0.000                   0
     5.225     7.109     0.040     1.000               0.000     0.000                   0
    14.201     7.109     0.040     1.000               0.000     0.000                   0
    16.250    11.932     0.040     1.000               0.000     0.000                   0
    41.353    11.064     0.040     1.000               0.000     0.000                   0
    44.896    12.446     0.040     1.000               0.000     0.000                   0
RIVER 
SECTION
80                                                                                  
    20.000            0.000100  1000.000
        15
   -77.902    10.908     0.040     1.000               0.000     0.000                   0
   -72.300    12.000     0.040     1.000               0.000     0.000                   0
   -71.271    12.000     0.040     1.000               0.000     0.000                   0
   -70.242    12.000     0.040     1.000               0.000     0.000                   0
   -66.266    11.229     0.040     1.000               0.000     0.000                   0
   -15.058    11.654     0.040     1.000               0.000     0.000                   0
   -10.228     9.239     0.040     1.000               0.000     0.000                   0
    -4.628     9.000     0.040     1.000               0.000     0.000                   0
     1.373     8.000     0.040     1.000               0.000     0.000                   0
     4.389     7.000     0.040     1.000               0.000     0.000                   0
     8.617     6.147     0.040     1.000               0.000     0.000                   0
    14.843     6.147     0.040     1.000               0.000     0.000                   0
    17.154    11.625     0.040     1.000               0.000     0.000                   0
    35.329     9.393     0.040     1.000               0.000     0.000                   0
    42.734    12.336     0.040     1.000               0.000     0.000                   0
RIVER 
SECTION
BRIDU                                                                               
     0.000            0.000100  1000.000
        15
   -77.706    10.908     0.040     1.000               0.000     0.000                   0
   -71.481    12.000     0.040     1.000               0.000     0.000                   0
   -70.335    12.000     0.040     1.000               0.000     0.000                   0
   -69.189    12.000     0.040     1.000               0.000     0.000                   0
   -63.794    11.055     0.040     1.000               0.000     0.000                   0
   -14.244    11.521     0.040     1.000               0.000     0.000                   0
    -9.602     9.200     0.040     1.000               0.000     0.000                   0
    -0.562     9.000     0.040     1.000               0.000     0.000                   0
     2.773     8.000     0.040     1.000               0.000     0.000                   0
     6.540     7.000     0.040     1.000               0.000     0.000                   0
     9.483     6.115     0.040     1.000               0.000     0.000                   0
    15.393     6.115     0.040     1.000               0.000     0.000                   0
    17.679    11.529     0.040     1.000               0.000     0.000                   0
    44.423     9.773     0.040     1.000               0.000     0.000                   0
    50.833    12.190     0.040     1.000               0.000     0.000                   0
BRIDGE Example bridge
USBPR1978
BRIDU       BRIDD                               
MANNING
     0.900     0.000     0.000     0.000     2.000               0.000     0.000     1.000
         1
         1CYLINDER  STREAMLINE
ALIGNED
         9
   -70.000    11.000     0.040          
   -10.000    10.000     0.040          
    -1.000     9.500     0.040          
    -0.100     6.200     0.040          
    10.000     6.100     0.040          
    12.000     9.400     0.040          
    20.000     9.500     0.040          
    22.000    10.000     0.040          
    50.000    12.000     0.040          
         1
    -1.000    12.000    10.000    13.000
         0
RIVER 
SECTION
BRIDD                                                                               
    20.000            0.000100  1000.000
        15
   -77.706    10.908     0.040     1.000               0.000     0.000                   0
   -71.481    12.000     0.040     1.000               0.000     0.000                   0
   -70.335    12.000     0.040     1.000               0.000     0.000                   0
   -69.189    12.000     0.040     1.000               0.000     0.000                   0
   -63.794    11.055     0.040     1.000               0.000     0.000                   0
   -14.244    11.521     0.040     1.000               0.000     0.000                   0
    -9.602     9.200     0.040     1.000               0.000     0.000                   0
    -0.562     9.000     0.040     1.000               0.000     0.000                   0
     2.773     8.000     0.040     1.000               0.000     0.000                   0
     6.540     7.000     0.040     1.000               0.000     0.000                   0
     9.483     6.115     0.040     1.000               0.000     0.000                   0
    15.393     6.115     0.040     1.000               0.000     0.000                   0
    17.679    11.529     0.040     1.000               0.000     0.000                   0
    44.423     9.773     0.040     1.000               0.000     0.000                   0
    50.833    12.190     0.040     1.000               0.000     0.000                   0
RIVER 120.000    0.040
SECTION
120                                                                                 
    20.000            0.000100  1000.000
        14
   -74.417    10.898     0.040     1.000               0.000     0.000                   0
   -67.562    12.000     0.040     1.000               0.000     0.000                   0
   -66.330    12.000     0.040     1.000               0.000     0.000                   0
   -65.098    12.000     0.040     1.000               0.000     0.000                   0
   -59.317    11.051     0.040     1.000               0.000     0.000                   0
   -15.061    11.753     0.040     1.000               0.000     0.000                   0
    -9.951     9.198     0.040     1.000               0.000     0.000                   0
    -2.842     9.000     0.040     1.000               0.000     0.000                   0
     3.222     8.000     0.040     1.000               0.000     0.000                   0
     6.453     7.000     0.040     1.000               0.000     0.000                   0
    14.885     6.708     0.040     1.000               0.000     0.000                   0
    17.012    11.725     0.040     1.000               0.000     0.000                   0
    61.598    10.953     0.040     1.000               0.000     0.000                   0
    64.339    11.906     0.040     1.000               0.000     0.000                   0
RIVER 140.000    0.040
SECTION
140                                                                                 
    20.000            0.000100  1000.000
        13
   -69.385    10.891     0.040     1.000               0.000     0.000                   0
   -61.701    12.000     0.040     1.000               0.000     0.000                   0
   -60.323    12.000     0.040     1.000               0.000     0.000                   0
   -58.944    12.000     0.040     1.000               0.000     0.000                   0
   -51.570    10.976     0.040     1.000               0.000     0.000                   0
   -16.291    10.895     0.040     1.000               0.000     0.000                   0
   -12.798     9.149     0.040     1.000               0.000     0.000                   0
    -7.347     9.000     0.040     1.000               0.000     0.000                   0
     1.386     8.000     0.040     1.000               0.000     0.000                   0
    15.592     7.452     0.040     1.000               0.000     0.000                   0
    17.258    11.317     0.040     1.000               0.000     0.000                   0
    87.000    11.280     0.040     1.000               0.000     0.000                   0
    88.034    11.596     0.040     1.000               0.000     0.000                   0
RIVER 160.000    0.040
SECTION
160                                                                                 
    20.000            0.000100  1000.000
        12
   -60.814    10.873     0.040     1.000               0.000     0.000                   0
   -50.741    12.000     0.040     1.000               0.000     0.000                   0
   -49.034    12.000     0.040     1.000               0.000     0.000                   0
   -47.326    12.000     0.040     1.000               0.000     0.000                   0
   -17.505    11.011     0.040     1.000               0.000     0.000                   0
   -14.624     9.090     0.040     1.000               0.000     0.000                   0
   -13.656     9.000     0.040     1.000               0.000     0.000                   0
    -1.642     8.000     0.040     1.000               0.000     0.000                   0
    16.160     7.732     0.040     1.000               0.000     0.000                   0
    17.505    10.793     0.040     1.000               0.000     0.000                   0
   126.610    10.991     0.040     1.000               0.000     0.000                   0
   127.963    11.342     0.040     1.000               0.000     0.000                   0
RIVER 180.000    0.040
SECTION
180                                                                                 
    20.000            0.000100  1000.000
        10
   -37.856    10.765     0.040     1.000               0.000     0.000                   0
   -33.475    12.000     0.040     1.000               0.000     0.000                   0
   -31.603    12.000     0.040     1.000               0.000     0.000                   0
   -27.999    10.773     0.040     1.000               0.000     0.000                   0
   -17.772    10.734     0.040     1.000               0.000     0.000                   0
   -14.424     8.501     0.040     1.000               0.000     0.000                   0
    13.755     8.300     0.040     1.000               0.000     0.000                   0
    17.772    10.680     0.040     1.000               0.000     0.000                   0
   145.847    11.019     0.040     1.000               0.000     0.000                   0
   146.748    11.263     0.040     1.000               0.000     0.000                   0
RIVER 200.000    0.040
SECTION
200                                                                                 
    20.000            0.000100  1000.000
        10
   -30.022    10.568     0.040     1.000               0.000     0.000                   0
   -27.390    12.000     0.040     1.000               0.000     0.000                   0
   -26.154    12.000     0.040     1.000               0.000     0.000                   0
   -23.583    10.552     0.040     1.000               0.000     0.000                   0
   -17.945    10.552     0.040     1.000               0.000     0.000                   0
   -15.314     8.221     0.040     1.000               0.000     0.000                   0
    14.207     8.221     0.040     1.000               0.000     0.000                   0
    17.945    10.493     0.040     1.000               0.000     0.000                   0
   162.918    10.956     0.040     1.000               0.000     0.000                   0
   163.911    11.236     0.040     1.000               0.000     0.000                   0
RIVER 220.000    0.040
SECTION
220                                                                                 
    20.000            0.000100  1000.000
        10
   -28.460    10.217     0.040     1.000               0.000     0.000                   0
   -25.779    12.000     0.040     1.000               0.000     0.000                   0
   -24.778    12.000     0.040     1.000               0.000     0.000                   0
   -22.103    10.223     0.040     1.000               0.000     0.000                   0
   -17.578    10.458     0.040     1.000               0.000     0.000                   0
   -14.514     7.694     0.040     1.000               0.000     0.000                   0
    13.863     8.000     0.040     1.000               0.000     0.000                   0
    17.578    10.478     0.040     1.000               0.000     0.000                   0
   178.337    10.873     0.040     1.000               0.000     0.000                   0
   179.650    11.257     0.040     1.000               0.000     0.000                   0
RIVER 240.000    0.040
SECTION
240                                                                                 
    20.000            0.000100  1000.000
        12
   -30.631     9.427     0.040     1.000               0.000     0.000                   0
   -26.765    12.000     0.040     1.000               0.000     0.000                   0
   -25.761    12.000     0.040     1.000               0.000     0.000                   0
   -22.096     9.560     0.040     1.000               0.000     0.000                   0
   -17.210     9.176     0.040     1.000               0.000     0.000                   0
   -14.882     7.148     0.040     1.000               0.000     0.000                   0
    -2.318     7.148     0.040     1.000               0.000     0.000                   0
    12.398     8.000     0.040     1.000               0.000     0.000                   0
    15.175     8.083     0.040     1.000               0.000     0.000                   0
    17.210     9.440     0.040     1.000               0.000     0.000                   0
   192.955    10.969     0.040     1.000               0.000     0.000                   0
   194.118    11.321     0.040     1.000               0.000     0.000                   0
RIVER 260.000    0.040
SECTION
260                                                                                 
    20.000            0.000100  1000.000
        12
   -29.790    10.438     0.040     1.000               0.000     0.000                   0
   -27.446    12.000     0.040     1.000               0.000     0.000                   0
   -26.446    12.000     0.040     1.000               0.000     0.000                   0
   -24.003    10.373     0.040     1.000               0.000     0.000                   0
   -17.000    10.426     0.040     1.000               0.000     0.000                   0
   -12.770     6.496     0.040     1.000               0.000     0.000                   0
    -2.798     7.000     0.040     1.000               0.000     0.000                   0
     2.252     8.000     0.040     1.000               0.000     0.000                   0
    15.715     8.400     0.040     1.000               0.000     0.000                   0
    17.439     9.262     0.040     1.000               0.000     0.000                   0
   182.171    10.875     0.040     1.000               0.000     0.000                   0
   183.290    11.261     0.040     1.000               0.000     0.000                   0
RIVER 280.000    0.040
SECTION
280                                                                                 
    20.000            0.000100  1000.000
        14
   -30.606    10.382     0.040     1.000               0.000     0.000                   0
   -28.198    12.000     0.040     1.000               0.000     0.000                   0
   -27.200    12.000     0.040     1.000               0.000     0.000                   0
   -24.865    10.426     0.040     1.000               0.000     0.000                   0
   -17.000    10.498     0.040     1.000               0.000     0.000                   0
   -14.801     5.300     0.040     1.000               0.000     0.000                   0
   -10.261     5.300     0.040     1.000               0.000     0.000                   0
    -7.164     6.000     0.040     1.000               0.000     0.000                   0
    -3.947     7.000     0.040     1.000               0.000     0.000                   0
     0.004     8.000     0.040     1.000               0.000     0.000                   0
    15.744     8.400     0.040     1.000               0.000     0.000                   0
    20.071    10.563     0.040     1.000               0.000     0.000                   0
   163.548    11.025     0.040     1.000               0.000     0.000                   0
   164.199    11.282     0.040     1.000               0.000     0.000                   0
RIVER 300.000    0.040
SECTION
300                                                                                 
    20.000            0.000100  1000.000
        14
   -30.559    10.173     0.040     1.000               0.000     0.000                   0
   -27.817    12.000     0.040     1.000               0.000     0.000                   0
   -26.814    12.000     0.040     1.000               0.000     0.000                   0
   -24.138    10.229     0.040     1.000               0.000     0.000                   0
   -17.437    10.328     0.040     1.000               0.000     0.000                   0
   -15.202     5.038     0.040     1.000               0.000     0.000                   0
   -10.828     5.038     0.040     1.000               0.000     0.000                   0
    -7.809     6.000     0.040     1.000               0.000     0.000                   0
    -4.391     7.000     0.040     1.000               0.000     0.000                   0
    -1.551     8.000     0.040     1.000               0.000     0.000                   0
    16.651     8.400     0.040     1.000               0.000     0.000                   0
    21.000    10.575     0.040     1.000               0.000     0.000                   0
   165.552    11.062     0.040     1.000               0.000     0.000                   0
   166.590    11.465     0.040     1.000               0.000     0.000                   0
RIVER 320.000    0.040
SECTION
320                                                                                 
    20.000            0.000100  1000.000
        14
   -29.740     9.989     0.040     1.000               0.000     0.000                   0
   -26.720    12.000     0.040     1.000               0.000     0.000                   0
   -25.719    12.000     0.040     1.000               0.000     0.000                   0
   -22.905    10.126     0.040     1.000               0.000     0.000                   0
   -17.480    10.167     0.040     1.000               0.000     0.000                   0
   -15.339     5.116     0.040     1.000               0.000     0.000                   0
   -11.967     5.116     0.040     1.000               0.000     0.000                   0
    -9.534     6.000     0.040     1.000               0.000     0.000                   0
    -5.570     7.000     0.040     1.000               0.000     0.000                   0
    -2.245     8.000     0.040     1.000               0.000     0.000                   0
    14.259     8.292     0.040     1.000               0.000     0.000                   0
    18.920    10.622     0.040     1.000               0.000     0.000                   0
   191.940    11.532     0.040     1.000               0.000     0.000                   0
   192.864    11.834     0.040     1.000               0.000     0.000                   0
RIVER 340.000    0.040
SECTION
340                                                                                 
    20.000            0.000100  1000.000
        13
   -31.249    10.043     0.040     1.000               0.000     0.000                   0
   -27.836    12.000     0.040     1.000               0.000     0.000                   0
   -26.836    12.000     0.040     1.000               0.000     0.000                   0
   -24.121    10.181     0.040     1.000               0.000     0.000                   0
   -17.367    10.352     0.040     1.000               0.000     0.000                   0
   -15.486     5.949     0.040     1.000               0.000     0.000                   0
   -10.679     6.000     0.040     1.000               0.000     0.000                   0
    -6.876     7.000     0.040     1.000               0.000     0.000                   0
    -2.214     8.000     0.040     1.000               0.000     0.000                   0
    12.280     8.127     0.040     1.000               0.000     0.000                   0
    17.000    10.487     0.040     1.000               0.000     0.000                   0
   207.057    10.536     0.040     1.000               0.000     0.000                   0
   210.000    11.341     0.040     1.000               0.000     0.000                   0
RIVER 360.000    0.040
SECTION
360                                                                                 
    20.000            0.000100  1000.000
        12
   -32.060     9.924     0.040     1.000               0.000     0.000                   0
   -27.633    12.000     0.040     1.000               0.000     0.000                   0
   -26.633    12.000     0.040     1.000               0.000     0.000                   0
   -23.719    10.046     0.040     1.000               0.000     0.000                   0
   -18.000    10.192     0.040     1.000               0.000     0.000                   0
   -16.464     6.653     0.040     1.000               0.000     0.000                   0
    -3.265     7.000     0.040     1.000               0.000     0.000                   0
     7.813     8.000     0.040     1.000               0.000     0.000                   0
    14.556     8.000     0.040     1.000               0.000     0.000                   0
    17.130     9.717     0.040     1.000               0.000     0.000                   0
   189.101    11.527     0.040     1.000               0.000     0.000                   0
   190.260    11.841     0.040     1.000               0.000     0.000                   0
RIVER 380.000    0.040
SECTION
380                                                                                 
    20.000            0.000100  1000.000
        11
   -34.247     9.872     0.040     1.000               0.000     0.000                   0
   -28.486    12.000     0.040     1.000               0.000     0.000                   0
   -27.342    12.000     0.040     1.000               0.000     0.000                   0
   -23.987     9.957     0.040     1.000               0.000     0.000                   0
   -18.000    10.010     0.040     1.000               0.000     0.000                   0
   -16.836     7.400     0.040     1.000               0.000     0.000                   0
   -13.637     7.400     0.040     1.000               0.000     0.000                   0
    15.413     7.500     0.040     1.000               0.000     0.000                   0
    18.000    10.087     0.040     1.000               0.000     0.000                   0
   166.126    11.311     0.040     1.000               0.000     0.000                   0
   167.289    11.620     0.040     1.000               0.000     0.000                   0
RIVER 400.000    0.040
SECTION
400                                                                                 
    20.000            0.000100  1000.000
        10
   -39.408     9.918     0.040     1.000               0.000     0.000                   0
   -31.528    12.000     0.040     1.000               0.000     0.000                   0
   -29.907    12.000     0.040     1.000               0.000     0.000                   0
   -24.968    10.001     0.040     1.000               0.000     0.000                   0
   -17.762    10.038     0.040     1.000               0.000     0.000                   0
   -13.665     7.605     0.040     1.000               0.000     0.000                   0
    15.170     7.717     0.040     1.000               0.000     0.000                   0
    17.762    10.310     0.040     1.000               0.000     0.000                   0
   142.162    11.051     0.040     1.000               0.000     0.000                   0
   143.745    11.464     0.040     1.000               0.000     0.000                   0
RIVER 420.000    0.040
SECTION
420                                                                                 
    20.000            0.000100  1000.000
        11
   -54.341     9.928     0.040     1.000               0.000     0.000                   0
   -40.183    12.000     0.040     1.000               0.000     0.000                   0
   -38.861    12.000     0.040     1.000               0.000     0.000                   0
   -37.540    12.000     0.040     1.000               0.000     0.000                   0
   -17.525    10.291     0.040     1.000               0.000     0.000                   0
   -13.354     7.809     0.040     1.000               0.000     0.000                   0
   -11.961     7.809     0.040     1.000               0.000     0.000                   0
    14.917     7.935     0.040     1.000               0.000     0.000                   0
    17.525    10.542     0.040     1.000               0.000     0.000                   0
   118.200    10.998     0.040     1.000               0.000     0.000                   0
   119.527    11.338     0.040     1.000               0.000     0.000                   0
RIVER 440.000    0.040
SECTION
440                                                                                 
    20.000            0.000100  1000.000
        12
   -59.619     9.779     0.040     1.000               0.000     0.000                   0
   -46.628    12.000     0.040     1.000               0.000     0.000                   0
   -45.466    12.000     0.040     1.000               0.000     0.000                   0
   -44.303    12.000     0.040     1.000               0.000     0.000                   0
   -16.917    10.165     0.040     1.000               0.000     0.000                   0
   -12.442     7.928     0.040     1.000               0.000     0.000                   0
    -3.458     8.000     0.040     1.000               0.000     0.000                   0
     6.325     7.266     0.040     1.000               0.000     0.000                   0
    16.065     7.266     0.040     1.000               0.000     0.000                   0
    17.383    10.262     0.040     1.000               0.000     0.000                   0
    73.533    10.859     0.040     1.000               0.000     0.000                   0
    74.756    11.246     0.040     1.000               0.000     0.000                   0
RIVER 460.000    0.040
SECTION
460                                                                                 
    20.000            0.000100  1000.000
        16
   -61.067     9.696     0.040     1.000               0.000     0.000                   0
   -49.151    12.000     0.040     1.000               0.000     0.000                   0
   -48.115    12.000     0.040     1.000               0.000     0.000                   0
   -47.079    12.000     0.040     1.000               0.000     0.000                   0
   -36.991    10.050     0.040     1.000               0.000     0.000                   0
   -16.267    10.081     0.040     1.000               0.000     0.000                   0
   -12.537     8.216     0.040     1.000               0.000     0.000                   0
    -9.341     8.500     0.040     1.000               0.000     0.000                   0
    -3.382     8.000     0.040     1.000               0.000     0.000                   0
     1.576     7.000     0.040     1.000               0.000     0.000                   0
     5.516     6.300     0.040     1.000               0.000     0.000                   0
    11.528     6.300     0.040     1.000               0.000     0.000                   0
    15.781     6.706     0.040     1.000               0.000     0.000                   0
    17.253    10.388     0.040     1.000               0.000     0.000                   0
    51.831    11.076     0.040     1.000               0.000     0.000                   0
    52.690    11.394     0.040     1.000               0.000     0.000                   0
RIVER 480.000    0.040
SECTION
480                                                                                 
    20.000            0.000100  1000.000
        18
   -61.308     9.681     0.040     1.000               0.000     0.000                   0
   -49.654    12.000     0.040     1.000               0.000     0.000                   0
   -47.644    12.000     0.040     1.000               0.000     0.000                   0
   -37.594    10.001     0.040     1.000               0.000     0.000                   0
   -15.617    10.168     0.040     1.000               0.000     0.000                   0
   -12.206     8.463     0.040     1.000               0.000     0.000                   0
    -5.376     8.500     0.040     1.000               0.000     0.000                   0
    -2.133     8.000     0.040     1.000               0.000     0.000                   0
     1.205     7.000     0.040     1.000               0.000     0.000                   0
     4.683     6.000     0.040     1.000               0.000     0.000                   0
     7.153     5.300     0.040     1.000               0.000     0.000                   0
     9.127     5.300     0.040     1.000               0.000     0.000                   0
    11.102     5.300     0.040     1.000               0.000     0.000                   0
    13.376     6.000     0.040     1.000               0.000     0.000                   0
    15.506     6.447     0.040     1.000               0.000     0.000                   0
    17.123    10.490     0.040     1.000               0.000     0.000                   0
    41.180    10.328     0.040     1.000               0.000     0.000                   0
    44.417    11.615     0.040     1.000               0.000     0.000                   0
RIVER 500.000    0.040
SECTION
500                                                                                 
    20.000            0.000100  1000.000
        16
   -58.212     9.900     0.040     1.000               0.000     0.000                   0
   -47.313    12.000     0.040     1.000               0.000     0.000                   0
   -46.276    12.000     0.040     1.000               0.000     0.000                   0
   -45.239    12.000     0.040     1.000               0.000     0.000                   0
   -35.204    10.056     0.040     1.000               0.000     0.000                   0
   -15.034    10.312     0.040     1.000               0.000     0.000                   0
   -11.803     8.696     0.040     1.000               0.000     0.000                   0
    -4.100     8.500     0.040     1.000               0.000     0.000                   0
    -1.735     8.000     0.040     1.000               0.000     0.000                   0
     2.198     7.000     0.040     1.000               0.000     0.000                   0
     6.540     6.300     0.040     1.000               0.000     0.000                   0
    14.009     6.300     0.040     1.000               0.000     0.000                   0
    15.020     6.300     0.040     1.000               0.000     0.000                   0
    17.000    11.155     0.040     1.000               0.000     0.000                   0
    35.572     8.752     0.040     1.000               0.000     0.000                   0
    43.144    11.780     0.040     1.000               0.000     0.000                   0
RIVER 520.000    0.040
SECTION
520                                                                                 
    20.000            0.000100  1000.000
        16
   -53.803    10.005     0.040     1.000               0.000     0.000                   0
   -43.159    12.000     0.040     1.000               0.000     0.000                   0
   -42.092    12.000     0.040     1.000               0.000     0.000                   0
   -41.025    12.000     0.040     1.000               0.000     0.000                   0
   -31.462    10.207     0.040     1.000               0.000     0.000                   0
   -15.712    10.393     0.040     1.000               0.000     0.000                   0
   -12.183     8.629     0.040     1.000               0.000     0.000                   0
    -5.458     8.500     0.040     1.000               0.000     0.000                   0
    -1.271     8.000     0.040     1.000               0.000     0.000                   0
     2.613     7.000     0.040     1.000               0.000     0.000                   0
     8.067     6.300     0.040     1.000               0.000     0.000                   0
    13.214     6.300     0.040     1.000               0.000     0.000                   0
    15.077     6.307     0.040     1.000               0.000     0.000                   0
    17.000    11.115     0.040     1.000               0.000     0.000                   0
    36.436     8.407     0.040     1.000               0.000     0.000                   0
    45.308    11.919     0.040     1.000               0.000     0.000                   0
RIVER 540.000    0.040
SECTION
540                                                                                 
    20.000            0.000100  1000.000
        13
   -48.278    10.090     0.040     1.000               0.000     0.000                   0
   -37.922    12.000     0.040     1.000               0.000     0.000                   0
   -36.870    12.000     0.040     1.000               0.000     0.000                   0
   -35.818    12.000     0.040     1.000               0.000     0.000                   0
   -16.390    10.399     0.040     1.000               0.000     0.000                   0
   -12.713     8.561     0.040     1.000               0.000     0.000                   0
    -8.999     8.500     0.040     1.000               0.000     0.000                   0
    -0.286     8.000     0.040     1.000               0.000     0.000                   0
     3.150     7.000     0.040     1.000               0.000     0.000                   0
    15.281     6.708     0.040     1.000               0.000     0.000                   0
    17.000    10.706     0.040     1.000               0.000     0.000                   0
    44.940     9.326     0.040     1.000               0.000     0.000                   0
    52.117    12.059     0.040     1.000               0.000     0.000                   0
RIVER 560.000    0.040
SECTION
560                                                                                 
    20.000            0.000100  1000.000
        12
   -40.046    10.200     0.040     1.000               0.000     0.000                   0
   -32.833    12.000     0.040     1.000               0.000     0.000                   0
   -30.874    12.000     0.040     1.000               0.000     0.000                   0
   -25.443    10.321     0.040     1.000               0.000     0.000                   0
   -16.851    10.575     0.040     1.000               0.000     0.000                   0
   -12.688     8.494     0.040     1.000               0.000     0.000                   0
    -1.949     8.000     0.040     1.000               0.000     0.000                   0
     8.116     7.000     0.040     1.000               0.000     0.000                   0
    15.504     6.944     0.040     1.000               0.000     0.000                   0
    17.158    10.781     0.040     1.000               0.000     0.000                   0
    60.288    10.595     0.040     1.000               0.000     0.000                   0
    64.795    12.190     0.040     1.000               0.000     0.000                   0
RIVER 580.000    0.040
SECTION
580                                                                                 
    20.000            0.000100  1000.000
        11
   -32.080    10.271     0.040     1.000               0.000     0.000                   0
   -28.491    12.000     0.040     1.000               0.000     0.000                   0
   -26.863    12.000     0.040     1.000               0.000     0.000                   0
   -23.874    10.491     0.040     1.000               0.000     0.000                   0
   -15.359    11.010     0.040     1.000               0.000     0.000                   0
   -10.205     8.433     0.040     1.000               0.000     0.000                   0
    -2.694     8.000     0.040     1.000               0.000     0.000                   0
    17.516     7.994     0.040     1.000               0.000     0.000                   0
    18.742    10.759     0.040     1.000               0.000     0.000                   0
    80.228    10.458     0.040     1.000               0.000     0.000                   0
    86.075    12.281     0.040     1.000               0.000     0.000                   0
RIVER 600.000    0.040
SECTION
600                                                                                 
    20.000            0.000100  1000.000
        10
   -30.196    10.408     0.040     1.000               0.000     0.000                   0
   -27.889    12.000     0.040     1.000               0.000     0.000                   0
   -26.498    12.000     0.040     1.000               0.000     0.000                   0
   -24.877    10.871     0.040     1.000               0.000     0.000                   0
   -13.867    10.972     0.040     1.000               0.000     0.000                   0
    -8.666     8.445     0.040     1.000               0.000     0.000                   0
    19.362     8.445     0.040     1.000               0.000     0.000                   0
    20.325    10.553     0.040     1.000               0.000     0.000                   0
   115.108    10.410     0.040     1.000               0.000     0.000                   0
   122.544    12.290     0.040     1.000               0.000     0.000                   0
RIVER 620.000    0.040
SECTION
620                                                                                 
    20.000            0.000100  1000.000
        10
   -31.667    10.326     0.040     1.000               0.000     0.000                   0
   -29.221    12.000     0.040     1.000               0.000     0.000                   0
   -28.070    12.000     0.040     1.000               0.000     0.000                   0
   -26.191    10.713     0.040     1.000               0.000     0.000                   0
   -12.375    10.591     0.040     1.000               0.000     0.000                   0
    -7.815     8.611     0.040     1.000               0.000     0.000                   0
    20.901     8.611     0.040     1.000               0.000     0.000                   0
    21.908    10.880     0.040     1.000               0.000     0.000                   0
   180.716     9.966     0.040     1.000               0.000     0.000                   0
   194.089    12.290     0.040     1.000               0.000     0.000                   0
RIVER 640.000    0.040
SECTION
640                                                                                 
    20.000            0.000100  1000.000
        18
   -62.203     9.930     0.040     1.000               0.000     0.000                   0
   -50.310     9.957     0.040     1.000               0.000     0.000                   0
   -38.418    10.102     0.040     1.000               0.000     0.000                   0
   -36.524    10.144     0.040     1.000               0.000     0.000                   0
   -33.256    10.166     0.040     1.000               0.000     0.000                   0
   -30.774    10.908     0.040     1.000               0.000     0.000                   0
   -28.724    10.966     0.040     1.000               0.000     0.000                   0
   -26.702    10.171     0.040     1.000               0.000     0.000                   0
   -20.763    10.336     0.040     1.000               0.000     0.000                   0
   -19.814    10.666     0.040     1.000               0.000     0.000                   0
   -15.170    10.891     0.040     1.000               0.000     0.000                   0
   -13.148    10.850     0.040     1.000               0.000     0.000                   0
    -9.275     8.514     0.040     1.000               0.000     0.000                   0
    18.935     8.514     0.040     1.000               0.000     0.000                   0
    23.741    10.998     0.040     1.000               0.000     0.000                   0
    24.685    11.044     0.040     1.000               0.000     0.000                   0
    32.560    10.702     0.040     1.000               0.000     0.000                   0
    40.057    10.408     0.040     1.000               0.000     0.000                   0
RIVER 660.000    0.040
SECTION
660                                                                                 
    20.000            0.000100  1000.000
        18
   -56.474    10.014     0.040     1.000               0.000     0.000                   0
   -49.429    10.273     0.040     1.000               0.000     0.000                   0
   -40.983    10.285     0.040     1.000               0.000     0.000                   0
   -37.006    10.279     0.040     1.000               0.000     0.000                   0
   -34.540    11.053     0.040     1.000               0.000     0.000                   0
   -33.632    11.327     0.040     1.000               0.000     0.000                   0
   -31.786    11.282     0.040     1.000               0.000     0.000                   0
   -28.705    10.385     0.040     1.000               0.000     0.000                   0
   -15.598    11.049     0.040     1.000               0.000     0.000                   0
   -13.752    11.024     0.040     1.000               0.000     0.000                   0
    -8.900     8.593     0.040     1.000               0.000     0.000                   0
    19.098     8.593     0.040     1.000               0.000     0.000                   0
    19.142     8.593     0.040     1.000               0.000     0.000                   0
    25.152    11.740     0.040     1.000               0.000     0.000                   0
    26.327    11.589     0.040     1.000               0.000     0.000                   0
    27.555    10.960     0.040     1.000               0.000     0.000                   0
    37.680    10.285     0.040     1.000               0.000     0.000                   0
    60.286    10.166     0.040     1.000               0.000     0.000                   0
RIVER 680.000    0.040
SECTION
680                                                                                 
    20.000            0.000100  1000.000
        15
   -51.007    10.141     0.040     1.000               0.000     0.000                   0
   -39.523    10.330     0.040     1.000               0.000     0.000                   0
   -36.212    11.428     0.040     1.000               0.000     0.000                   0
   -33.439    11.415     0.040     1.000               0.000     0.000                   0
   -30.393    10.529     0.040     1.000               0.000     0.000                   0
   -26.275    10.805     0.040     1.000               0.000     0.000                   0
   -16.171    11.104     0.040     1.000               0.000     0.000                   0
   -13.210    10.882     0.040     1.000               0.000     0.000                   0
    -9.139     8.427     0.040     1.000               0.000     0.000                   0
    18.079     8.427     0.040     1.000               0.000     0.000                   0
    19.621     8.427     0.040     1.000               0.000     0.000                   0
    27.165    11.789     0.040     1.000               0.000     0.000                   0
    28.590    11.536     0.040     1.000               0.000     0.000                   0
    29.606    10.955     0.040     1.000               0.000     0.000                   0
    34.340    10.708     0.040     1.000               0.000     0.000                   0
RIVER 700.000    0.040
SECTION
700                                                                                 
     0.000            0.000100  1000.000
        14
   -41.838    10.167     0.040     1.000               0.000     0.000                   0
   -38.392    11.360     0.040     1.000               0.000     0.000                   0
   -35.420    11.393     0.040     1.000               0.000     0.000                   0
   -32.276    10.451     0.040     1.000               0.000     0.000                   0
   -26.283    10.854     0.040     1.000               0.000     0.000                   0
   -16.136    10.975     0.040     1.000               0.000     0.000                   0
   -13.595    10.744     0.040     1.000               0.000     0.000                   0
    -9.671     8.292     0.040     1.000               0.000     0.000                   0
    19.573     7.511     0.040     1.000               0.000     0.000                   0
    22.621    10.670     0.040     1.000               0.000     0.000                   0
    24.737    11.052     0.040     1.000               0.000     0.000                   0
    31.823    10.743     0.040     1.000               0.000     0.000                   0
    35.402    10.699     0.040     1.000               0.000     0.000                   0
    76.075    10.209     0.040     1.000               0.000     0.000                   0
QHBDY 
700
         3     0.000    LINEAR
     0.000     9.500
    20.000    10.000
   200.000    14.000
INITIAL CONDITIONS
 label   ?      flow     stage froude no  velocity     umode    ustate         z
m60          y     3.674     9.689     0.262     0.494     7.432     0.000     9.174
m40          y     3.674     9.592     0.521     0.887     4.141     0.000     9.234
m20          y     3.674     9.542     0.532     0.808     4.546     0.000     9.299
0            y     3.674     9.558     0.077     0.177    20.739     0.000     9.000
20           y     3.674     9.558     0.050     0.139    26.484     0.000     8.487
40           y     3.674     9.558     0.023     0.088    41.956     0.000     7.854
60           y     3.674     9.558     0.017     0.073    50.509     0.000     6.809
80           y     3.674     9.558     0.016     0.068    54.208     0.000     5.847
BRIDU        y     3.674     9.558     0.018     0.075    49.015     0.000     6.200
BRIDD        y     3.674     9.558     0.018     0.075    49.012     0.000     5.815
120          y     3.674     9.558     0.022     0.086    42.707     0.000     6.408
140          y     3.674     9.558     0.024     0.089    41.422     0.000     7.152
160          y     3.674     9.557     0.021     0.078    47.091     0.000     7.432
180          y     3.674     9.557     0.027     0.093    39.496     0.000     8.000
200          y     3.674     9.557     0.019     0.073    50.410     0.000     7.921
220          y     3.674     9.557     0.016     0.064    57.005     0.000     7.394
240          y     3.674     9.557     0.013     0.049    74.527     0.000     6.848
260          y     3.674     9.557     0.015     0.050    73.474     0.000     6.196
280          y     3.674     9.557     0.010     0.047    78.231     0.000     5.000
300          y     3.674     9.557     0.010     0.046    79.925     0.000     4.738
320          y     3.674     9.557     0.011     0.050    74.103     0.000     4.816
340          y     3.674     9.557     0.012     0.056    65.989     0.000     5.649
360          y     3.674     9.557     0.011     0.049    75.279     0.000     6.353
380          y     3.674     9.557     0.010     0.048    76.806     0.000     7.100
400          y     3.674     9.557     0.013     0.057    64.651     0.000     7.305
420          y     3.674     9.557     0.016     0.065    56.760     0.000     7.509
440          y     3.674     9.557     0.013     0.058    63.591     0.000     6.966
460          y     3.674     9.557     0.011     0.051    72.364     0.000     6.000
480          y     3.674     9.557     0.010     0.048    76.615     0.000     5.000
500          y     3.674     9.557     0.013     0.053    68.689     0.000     6.000
520          y     3.674     9.557     0.013     0.051    71.480     0.000     6.000
540          y     3.674     9.556     0.015     0.059    61.999     0.000     6.408
560          y     3.674     9.556     0.015     0.063    57.948     0.000     6.644
580          y     3.674     9.556     0.020     0.079    46.624     0.000     7.694
600          y     3.674     9.556     0.028     0.096    38.269     0.000     8.145
620          y     3.674     9.556     0.029     0.100    36.920     0.000     8.311
640          y     3.674     9.555     0.029     0.097    37.974     0.000     8.214
660          y     3.674     9.555     0.030     0.101    36.384     0.000     8.293
680          y     3.674     9.555     0.026     0.089    41.257     0.000     8.127
700          y     3.674     9.555     0.016     0.065    56.452     0.000     7.211
GISINFO
QTBDY m60 264 1003 0 0 1
RIVER SECTION m60 0 0 0 0 0
RIVER SECTION m40 0 0 0 0 0
RIVER SECTION m20 0 0 0 0 0
RIVER SECTION 0 0 0 0 0 0
RIVER SECTION 20 0 0 0 0 0
RIVER SECTION 40 0 0 0 0 0
RIVER SECTION 60 0 0 0 0 0
RIVER SECTION 80 0 0 0 0 0
RIVER SECTION BRIDU 0 0 0 0 0
BRIDGE USBPR1978 BRIDU 146 685 0 0 1
RIVER SECTION BRIDD 0 0 0 0 0
RIVER SECTION 120 0 0 0 0 0
RIVER SECTION 140 0 0 0 0 0
RIVER SECTION 160 0 0 0 0 0
RIVER SECTION 180 0 0 0 0 0
RIVER SECTION 200 0 0 0 0 0
RIVER SECTION 220 0 0 0 0 0
RIVER SECTION 240 0 0 0 0 0
RIVER SECTION 260 0 0 0 0 0
RIVER SECTION 280 0 0 0 0 0
RIVER SECTION 300 0 0 0 0 0
RIVER SECTION 320 0 0 0 0 0
RIVER SECTION 340 0 0 0 0 0
RIVER SECTION 360 0 0 0 0 0
RIVER SECTION 380 0 0 0 0 0
RIVER SECTION 400 0 0 0 0 0
RIVER SECTION 420 0 0 0 0 0
RIVER SECTION 440 0 0 0 0 0
RIVER SECTION 460 0 0 0 0 0
RIVER SECTION 480 0 0 0 0 0
RIVER SECTION 500 0 0 0 0 0
RIVER SECTION 520 0 0 0 0 0
RIVER SECTION 540 0 0 0 0 0
RIVER SECTION 560 0 0 0 0 0
RIVER SECTION 580 0 0 0 0 0
RIVER SECTION 600 0 0 0 0 0
RIVER SECTION 620 0 0 0 0 0
RIVER SECTION 640 0 0 0 0 0
RIVER SECTION 660 0 0 0 0 0
RIVER SECTION 680 0 0 0 0 0
RIVER SECTION 700 0 0 0 0 0
QHBDY 700 847 349 0 0 1
m60 0 0 0 0 0
m40 0 0 0 0 0
m20 0 0 0 0 0
0 0 0 0 0 0
20 0 0 0 0 0
40 0 0 0 0 0
60 0 0 0 0 0
80 0 0 0 0 0
BRIDU 0 0 0 0 0
BRIDD 0 0 0 0 0
120 0 0 0 0 0
140 0 0 0 0 0
160 0 0 0 0 0
180 0 0 0 0 0
200 0 0 0 0 0
220 0 0 0 0 0
240 0 0 0 0 0
260 0 0 0 0 0
280 0 0 0 0 0
300 0 0 0 0 0
320 0 0 0 0 0
340 0 0 0 0 0
360 0 0 0 0 0
380 0 0 0 0 0
400 0 0 0 0 0
420 0 0 0 0 0
440 0 0 0 0 0
460 0 0 0 0 0
480 0 0 0 0 0
500 0 0 0 0 0
520 0 0 0 0 0
540 0 0 0 0 0
560 0 0 0 0 0
580 0 0 0 0 0
600 0 0 0 0 0
620 0 0 0 0 0
640 0 0 0 0 0
660 0 0 0 0 0
680 0 0 0 0 0
700 0 0 0 0 0
